Names:
p0 p1 p2 p3 p4 p5 p6 p7 p8 p9 p10 p11 p12 p13 p14 p15

Maps:
p2 p3 p0 p1 p6 p7 p4 p5 p10 p11 p8 p9 p14 p15 p12 p13
p1 p0 p3 p2 p5 p4 p7 p6 p9 p8 p11 p10 p13 p12 p15 p14
p8 p9 p2 p3 p12 p13 p6 p7 p0 p1 p10 p11 p4 p5 p14 p15
p4 p1 p6 p3 p0 p5 p2 p7 p12 p9 p14 p11 p8 p13 p10 p15
p0 p2 p1 p3 p8 p10 p9 p11 p4 p6 p5 p7 p12 p14 p13 p15

Vertices:
0 0 0 0 0 0 0 0 0 0 0 0 1 1 1 1
0 0 0 0 0 0 0 0 0 1 0 1 1 0 1 0
0 0 0 0 0 0 0 0 1 0 1 0 0 1 0 1
0 0 0 0 0 0 0 0 1 1 1 1 0 0 0 0
0 0 0 0 0 0 1 1 0 0 0 0 1 1 0 0
0 0 0 0 1 1 0 0 0 0 0 0 0 0 1 1
0 0 0 0 1 1 1 1 0 0 0 0 0 0 0 0
0 0 0 1 0 0 1 0 0 1 0 0 1 0 0 0
0 0 1 0 0 0 0 1 1 0 0 0 0 1 0 0
0 0 1 1 0 0 0 0 1 1 0 0 0 0 0 0
0 1 0 0 1 0 0 0 0 0 0 1 0 0 1 0
0 1 0 1 1 0 1 0 0 0 0 0 0 0 0 0
1 0 0 0 0 1 0 0 0 0 1 0 0 0 0 1
1 0 1 0 0 1 0 1 0 0 0 0 0 0 0 0
1 1 0 0 0 0 0 0 0 0 1 1 0 0 0 0
1 1 1 1 0 0 0 0 0 0 0 0 0 0 0 0
